bel,99,0,0,230,0,0,0,0,0
por,99,1,1,230,0,0,0,150,100
ita,99,2,1,0,60,255,255,255,255
sco,99,3,0,11,19,81,255,255,255
fra,99,4,1,11,19,81,255,255,255
swi,99,5,0,230,0,0,255,255,255
cro,99,6,0,230,0,0,255,255,255
spa,99,7,1,230,0,0,11,19,81	
tur,99,8,0,230,0,0,255,255,255
ukr,99,9,0,255,228,0,0,60,255
eng,99,10,1,255,255,255,11,19,81
ger,99,11,1,255,255,255,0,0,0
net,99,12,1,255,97,0,255,255,255
den,99,13,0,230,0,0,255,255,255
belgium,portugal,italy,scotland,france,switzerland,croatia,spain,turkey,ukraine,england,germany,netherlands,denmark
2,euro 2024